100
3
4 5 2 13
16 12 3 15
1 7 14 10
11 8 6 9
2
12 5 11 10
16 15 8 4
7 1 3 2
13 6 14 9
2
7 16 9 6
3 10 13 14
11 4 15 1
12 5 2 8
4
12 16 6 11
5 9 8 7
1 4 2 15
10 3 13 14
3
11 2 6 5
7 13 16 4
8 9 14 15
10 1 3 12
2
15 2 6 8
7 11 4 3
5 10 1 12
9 13 14 16
3
16 2 14 1
4 3 15 5
8 10 7 9
13 11 12 6
1
3 9 5 12
6 14 11 16
2 4 7 13
10 1 8 15
1
15 10 1 11
9 7 4 2
14 5 8 16
6 12 3 13
3
9 14 13 16
4 3 2 12
1 11 15 10
8 7 6 5
2
12 2 4 7
14 9 8 16
11 15 13 1
10 3 6 5
1
5 12 4 1
15 7 14 2
13 16 8 9
6 10 3 11
3
12 3 2 8
6 16 10 5
9 14 15 1
13 7 11 4
4
8 11 7 12
4 13 10 2
6 16 3 5
1 14 15 9
3
1 9 11 13
16 8 14 5
3 10 15 7
6 4 12 2
3
13 2 9 11
6 16 14 5
8 1 7 3
15 10 4 12
1
4 9 6 15
12 2 13 7
10 14 1 8
5 16 11 3
3
8 6 11 3
2 14 13 1
5 10 16 9
12 15 7 4
1
10 8 14 15
7 9 12 11
3 1 13 16
2 5 6 4
4
8 5 6 4
12 1 13 9
16 7 14 3
2 10 11 15
2
5 3 12 15
9 8 4 16
7 10 13 2
1 6 11 14
3
15 9 6 2
11 8 14 3
10 5 13 4
1 12 7 16
4
2 15 6 1
14 9 16 11
5 13 4 10
3 12 7 8
1
1 13 3 15
8 16 12 14
6 4 9 10
5 11 2 7
2
13 5 12 8
15 1 16 4
7 9 3 14
11 10 2 6
3
13 9 1 5
11 10 8 12
7 16 3 6
2 14 4 15
3
4 14 10 7
6 16 11 12
1 13 9 3
5 2 15 8
3
1 6 7 12
3 14 2 11
13 5 9 16
10 8 15 4
1
10 13 5 11
8 16 1 9
3 15 7 14
2 4 12 6
1
12 14 6 4
15 2 13 8
5 11 3 9
16 1 7 10
3
2 12 3 11
9 5 16 13
1 8 4 10
14 7 15 6
1
8 5 9 4
2 3 13 16
7 11 14 6
1 12 15 10
4
1 14 15 5
12 7 4 16
8 13 10 2
9 11 6 3
2
10 2 11 15
9 16 7 6
4 8 5 13
12 1 14 3
4
5 14 13 9
10 16 7 1
4 11 2 8
3 15 6 12
2
4 16 14 12
8 7 5 11
15 3 9 2
13 10 6 1
1
2 4 12 9
15 16 5 14
10 11 13 8
6 7 1 3
1
9 12 6 4
16 11 14 15
10 1 8 3
2 13 7 5
3
15 5 2 10
1 13 9 14
6 12 16 8
4 11 3 7
4
2 4 5 6
10 7 8 14
3 13 15 1
16 11 12 9
1
10 8 5 4
12 1 15 9
11 7 13 16
2 14 6 3
4
9 8 1 10
14 5 7 3
2 4 13 11
12 15 6 16
1
9 11 10 14
3 13 7 4
15 12 1 8
6 16 2 5
2
7 2 8 16
4 3 14 10
12 1 5 6
13 15 11 9
4
14 4 9 13
16 7 8 10
12 6 15 11
1 2 3 5
4
8 12 13 7
5 2 4 10
6 11 3 15
9 16 1 14
4
5 6 7 9
13 4 15 12
10 14 11 3
2 8 1 16
2
12 7 3 4
8 11 2 6
10 5 14 13
15 1 16 9
2
15 9 12 10
5 13 6 1
14 3 11 4
2 16 8 7
3
4 9 10 7
3 2 11 16
8 14 13 12
1 15 5 6
3
2 9 15 11
1 6 14 7
8 10 4 12
13 16 5 3
4
10 7 4 5
1 12 2 6
9 3 11 15
8 13 16 14
2
15 1 3 11
12 13 8 2
7 9 16 4
6 14 5 10
2
9 6 2 15
16 13 3 10
4 1 12 8
14 7 5 11
2
6 11 7 10
3 1 15 5
8 12 2 14
9 13 16 4
4
11 10 15 4
2 7 6 14
9 12 16 1
3 13 5 8
2
7 8 10 1
5 16 9 4
6 3 15 2
13 11 14 12
3
2 7 4 16
8 5 12 10
3 1 15 11
13 6 14 9
3
14 1 5 12
3 4 13 9
6 7 10 11
15 8 16 2
3
5 9 2 3
7 10 14 16
6 12 13 8
4 1 11 15
2
4 5 11 16
12 7 1 6
15 10 14 2
13 3 8 9
2
12 10 1 3
15 16 13 7
8 5 9 2
4 14 11 6
1
7 13 2 9
5 1 16 3
10 8 15 4
14 11 6 12
4
14 6 12 9
13 10 2 3
15 5 7 4
8 1 16 11
3
6 14 15 2
8 7 10 9
12 13 16 3
11 4 5 1
2
9 14 8 10
16 12 4 2
6 3 11 15
7 1 13 5
4
7 11 3 15
14 12 1 5
13 10 6 9
16 8 4 2
3
9 1 10 7
11 14 13 15
6 4 8 16
5 12 3 2
2
6 3 5 2
10 11 8 9
15 14 1 4
12 16 7 13
4
6 4 12 5
14 2 7 3
8 15 16 1
10 11 13 9
1
15 14 3 6
1 5 12 9
8 10 7 13
11 4 16 2
4
13 15 8 9
3 12 2 10
1 11 5 6
4 7 16 14
4
15 4 7 11
9 6 5 3
2 1 16 8
10 13 14 12
1
5 7 8 14
11 10 13 15
3 12 9 16
6 4 1 2
2
10 1 7 9
4 3 13 16
8 11 12 5
2 6 15 14
2
14 6 11 15
3 13 4 16
10 7 1 5
12 8 2 9
4
9 10 12 4
6 8 13 14
3 7 11 2
1 15 16 5
4
1 6 12 15
7 10 16 4
2 8 11 13
14 9 3 5
3
6 9 10 3
2 13 1 5
12 7 11 15
16 14 8 4
1
15 7 11 12
14 16 4 10
3 6 5 9
13 8 2 1
1
1 10 16 5
7 14 4 2
11 12 15 13
3 6 9 8
4
16 8 11 7
15 13 1 9
5 14 4 10
12 6 3 2
1
9 5 11 14
8 16 6 15
13 1 10 7
3 2 12 4
2
13 8 1 11
7 16 15 4
6 10 12 2
5 3 14 9
4
16 4 8 11
13 12 6 3
10 15 5 7
14 1 2 9
4
6 14 9 7
10 13 3 8
12 1 2 5
16 4 15 11
3
1 6 12 2
7 5 10 4
9 11 3 15
13 14 8 16
2
15 8 4 2
9 16 10 13
5 12 11 1
14 6 3 7
2
10 11 1 12
5 8 6 9
13 14 3 2
15 16 4 7
4
2 9 3 14
7 13 8 6
15 5 11 12
1 10 16 4
2
14 4 12 15
3 7 9 10
5 13 6 8
1 16 2 11
2
9 7 3 8
6 13 11 4
5 14 10 15
1 16 12 2
1
14 1 6 4
9 16 7 2
3 13 15 10
11 12 5 8
3
4 1 15 16
12 13 10 3
5 6 11 2
9 14 8 7
2
7 15 14 16
2 6 8 10
11 4 3 12
1 13 5 9
2
9 1 15 8
4 12 14 5
6 7 2 13
16 3 10 11
2
11 15 5 9
16 8 2 10
12 7 13 14
3 4 6 1
1
6 1 15 11
5 13 8 16
4 3 2 10
9 7 14 12
1
3 9 8 5
7 13 10 2
12 15 16 11
4 6 14 1
4
13 2 5 14
6 3 8 4
12 15 16 7
11 9 10 1
3
3 5 8 1
13 6 9 2
15 14 4 7
16 11 12 10
3
4 5 6 7
15 11 13 16
8 3 10 14
2 12 1 9
4
15 10 14 4
3 8 1 11
7 12 5 16
2 6 13 9
2
3 12 11 16
2 9 13 7
15 6 10 1
5 8 14 4
1
9 12 13 7
6 5 15 3
4 16 11 14
8 10 2 1
4
12 15 3 1
11 10 9 4
2 5 8 7
16 6 13 14
2
9 14 13 2
8 3 7 16
11 5 4 12
15 10 6 1
4
6 3 8 4
15 12 10 1
13 5 7 16
2 14 9 11
2
1 9 16 11
8 13 2 5
3 4 7 14
15 12 6 10
2
10 5 1 11
8 7 4 9
15 16 14 13
2 6 12 3
2
2 6 14 9
11 7 3 8
10 4 12 5
1 13 15 16
4
7 10 16 13
14 9 1 3
6 2 4 15
12 11 5 8
3
2 11 1 7
9 16 15 4
13 5 3 8
12 14 10 6
3
14 6 7 4
9 15 11 13
5 10 8 12
2 1 16 3
2
7 8 3 13
6 14 11 4
9 16 1 2
15 10 5 12
4
12 8 16 15
5 9 2 3
7 1 13 10
14 4 11 6
2
11 14 4 15
3 1 7 13
5 12 6 8
16 9 2 10
3
16 8 10 4
5 2 1 14
15 7 11 12
13 9 3 6
4
14 15 2 16
12 6 9 5
13 1 4 3
7 11 8 10
4
6 10 14 12
9 1 3 16
2 7 5 11
8 15 4 13
1
7 5 13 16
15 11 10 14
12 6 8 1
4 9 2 3
2
8 3 12 14
16 10 15 11
6 9 5 13
2 4 1 7
4
11 9 2 6
15 4 7 10
12 13 3 5
14 8 16 1
4
15 14 13 9
10 12 2 1
3 8 4 11
16 7 6 5
3
8 3 9 13
14 15 7 1
5 16 2 12
6 11 4 10
4
2 1 16 3
11 9 5 7
13 10 15 4
6 12 8 14
1
10 3 11 7
1 5 8 16
12 4 9 6
2 13 15 14
2
12 3 2 14
1 8 5 13
11 10 9 6
4 7 15 16
2
6 16 10 13
11 4 3 1
7 2 9 15
5 12 8 14
4
8 4 1 3
12 5 16 14
11 15 7 6
2 9 13 10
1
9 15 8 4
13 6 7 1
2 5 11 3
16 10 12 14
3
6 4 8 15
13 2 16 14
7 1 5 11
3 12 10 9
1
15 10 3 1
13 16 14 6
9 12 11 4
8 2 7 5
3
13 11 16 10
4 2 9 12
15 7 6 14
1 3 5 8
3
10 2 15 4
11 16 13 5
7 1 8 6
12 9 3 14
2
11 3 14 7
5 6 1 12
13 15 2 10
16 9 8 4
2
16 10 2 11
1 13 5 4
6 14 9 8
12 7 15 3
1
11 1 2 3
6 16 12 13
8 14 7 10
9 5 15 4
4
13 1 3 7
14 10 6 12
15 11 16 5
2 8 4 9
1
3 1 6 2
14 5 7 15
9 10 11 4
13 8 12 16
3
10 3 14 8
6 2 11 5
9 4 1 15
7 16 13 12
1
5 13 14 2
11 10 7 3
8 15 6 16
9 1 12 4
3
7 9 13 11
3 5 10 2
15 14 12 6
4 1 16 8
3
9 2 1 16
5 4 7 10
12 15 6 14
13 11 3 8
2
8 12 2 13
3 15 11 6
10 14 4 9
5 7 1 16
4
1 12 16 8
7 10 9 15
5 2 4 6
13 3 14 11
1
2 4 11 3
6 14 8 1
9 15 12 7
10 13 16 5
1
4 2 11 8
13 14 3 5
12 1 7 16
15 6 9 10
2
16 1 8 11
2 9 5 12
7 15 13 3
4 10 6 14
4
11 7 9 8
3 14 6 2
4 10 1 5
16 15 13 12
4
1 12 2 5
9 4 16 10
15 3 14 11
13 7 8 6
2
4 8 12 7
15 16 14 6
10 9 11 1
3 13 5 2
3
15 13 6 16
9 4 1 2
5 14 11 7
10 12 8 3
2
2 10 13 6
15 11 14 16
9 5 8 1
4 7 3 12
1
11 8 10 12
7 2 9 4
13 14 16 1
5 15 3 6
1
13 4 8 6
5 14 15 10
16 11 7 9
1 2 12 3
1
5 15 9 12
4 8 3 2
11 6 1 10
14 13 7 16
3
11 2 16 1
3 7 6 10
12 15 9 5
4 14 8 13
4
4 15 6 12
9 16 7 1
3 14 11 5
10 13 2 8
3
2 4 10 8
7 13 9 6
12 15 1 14
16 11 3 5
1
6 8 16 2
13 5 14 15
11 12 7 3
10 1 9 4
4
3 1 10 13
6 9 16 4
11 2 14 8
15 5 7 12
1
7 13 2 14
10 8 12 4
11 1 6 9
15 16 3 5
3
13 15 12 7
5 10 1 6
16 11 4 2
14 8 3 9
2
1 11 5 8
3 7 2 14
15 4 13 16
10 6 9 12
3
13 1 16 7
3 8 12 11
14 4 15 2
5 9 10 6
4
16 2 9 6
3 7 12 1
14 15 8 5
11 4 13 10
4
11 13 15 6
4 2 10 9
12 8 1 7
14 16 3 5
2
7 11 14 6
5 1 12 9
4 16 10 15
13 2 8 3
3
1 5 13 15
10 4 14 9
11 6 3 7
12 8 2 16
1
15 5 11 9
1 3 8 6
14 13 7 4
10 12 16 2
1
12 8 5 16
15 11 3 6
1 13 2 7
10 9 14 4
2
6 9 7 8
2 12 5 14
11 4 1 15
16 3 13 10
3
2 5 3 1
12 13 11 6
9 8 4 16
10 7 15 14
3
15 11 1 9
6 10 3 5
7 2 14 16
13 12 8 4
3
9 1 3 2
6 7 10 14
11 16 4 15
12 5 8 13
1
16 9 13 5
3 15 4 12
2 11 6 8
10 14 7 1
3
13 15 2 10
16 4 8 14
12 6 7 3
1 9 5 11
2
3 14 16 5
2 9 1 6
8 15 7 13
11 10 4 12
4
11 8 13 3
15 16 2 10
7 12 9 4
6 5 1 14
2
2 7 14 4
10 3 15 11
1 9 16 12
6 13 5 8
3
13 7 6 1
2 4 9 12
15 10 11 3
8 16 14 5
4
1 10 8 15
7 16 13 3
12 9 11 4
6 2 14 5
2
15 2 1 9
8 10 3 4
5 12 7 13
16 11 14 6
3
12 15 4 14
13 8 3 11
5 2 10 7
6 16 1 9
2
4 6 11 7
16 5 10 13
14 3 12 2
8 9 15 1
2
1 14 15 6
16 9 10 3
2 4 8 13
11 5 7 12
4
8 7 2 5
12 3 14 10
13 9 15 4
11 16 1 6
1
11 1 3 8
10 2 6 13
9 7 16 14
4 12 15 5
3
5 7 9 13
12 15 2 16
1 3 11 8
4 14 10 6
4
9 10 3 11
15 7 14 6
12 5 13 1
16 8 2 4
4
15 7 3 1
8 2 5 6
12 4 13 16
10 14 9 11
4
11 6 3 12
9 2 4 1
10 14 15 16
5 13 8 7
3
12 6 2 4
5 10 11 3
1 8 7 14
16 15 13 9
1
8 15 6 1
12 5 10 4
14 9 16 3
7 11 13 2
4
11 6 1 14
13 12 15 2
8 5 9 4
3 16 10 7
2
13 14 1 2
10 15 9 11
5 8 12 3
7 16 6 4
4
9 16 14 13
7 1 4 11
15 12 3 6
10 5 8 2
3
16 11 4 12
10 3 8 6
14 13 7 9
1 15 5 2
4
7 5 14 10
6 15 3 11
8 12 9 1
4 13 2 16
