50 50 800
1 2 0
1 2 1
1 2 2
1 2 3
1 2 4
1 2 5
1 2 6
1 2 7
1 2 8
1 2 9
1 2 10
1 2 11
1 2 12
1 2 13
1 2 14
1 2 15
2 3 0
2 3 1
2 3 2
2 3 3
2 3 4
2 3 5
2 3 6
2 3 7
2 3 8
2 3 9
2 3 10
2 3 11
2 3 12
2 3 13
2 3 14
2 3 15
3 4 0
3 4 1
3 4 2
3 4 3
3 4 4
3 4 5
3 4 6
3 4 7
3 4 8
3 4 9
3 4 10
3 4 11
3 4 12
3 4 13
3 4 14
3 4 15
4 5 0
4 5 1
4 5 2
4 5 3
4 5 4
4 5 5
4 5 6
4 5 7
4 5 8
4 5 9
4 5 10
4 5 11
4 5 12
4 5 13
4 5 14
4 5 15
5 6 0
5 6 1
5 6 2
5 6 3
5 6 4
5 6 5
5 6 6
5 6 7
5 6 8
5 6 9
5 6 10
5 6 11
5 6 12
5 6 13
5 6 14
5 6 15
6 7 0
6 7 1
6 7 2
6 7 3
6 7 4
6 7 5
6 7 6
6 7 7
6 7 8
6 7 9
6 7 10
6 7 11
6 7 12
6 7 13
6 7 14
6 7 15
7 8 0
7 8 1
7 8 2
7 8 3
7 8 4
7 8 5
7 8 6
7 8 7
7 8 8
7 8 9
7 8 10
7 8 11
7 8 12
7 8 13
7 8 14
7 8 15
8 9 0
8 9 1
8 9 2
8 9 3
8 9 4
8 9 5
8 9 6
8 9 7
8 9 8
8 9 9
8 9 10
8 9 11
8 9 12
8 9 13
8 9 14
8 9 15
9 10 0
9 10 1
9 10 2
9 10 3
9 10 4
9 10 5
9 10 6
9 10 7
9 10 8
9 10 9
9 10 10
9 10 11
9 10 12
9 10 13
9 10 14
9 10 15
10 11 0
10 11 1
10 11 2
10 11 3
10 11 4
10 11 5
10 11 6
10 11 7
10 11 8
10 11 9
10 11 10
10 11 11
10 11 12
10 11 13
10 11 14
10 11 15
11 12 0
11 12 1
11 12 2
11 12 3
11 12 4
11 12 5
11 12 6
11 12 7
11 12 8
11 12 9
11 12 10
11 12 11
11 12 12
11 12 13
11 12 14
11 12 15
12 13 0
12 13 1
12 13 2
12 13 3
12 13 4
12 13 5
12 13 6
12 13 7
12 13 8
12 13 9
12 13 10
12 13 11
12 13 12
12 13 13
12 13 14
12 13 15
13 14 0
13 14 1
13 14 2
13 14 3
13 14 4
13 14 5
13 14 6
13 14 7
13 14 8
13 14 9
13 14 10
13 14 11
13 14 12
13 14 13
13 14 14
13 14 15
14 15 0
14 15 1
14 15 2
14 15 3
14 15 4
14 15 5
14 15 6
14 15 7
14 15 8
14 15 9
14 15 10
14 15 11
14 15 12
14 15 13
14 15 14
14 15 15
15 16 0
15 16 1
15 16 2
15 16 3
15 16 4
15 16 5
15 16 6
15 16 7
15 16 8
15 16 9
15 16 10
15 16 11
15 16 12
15 16 13
15 16 14
15 16 15
16 17 0
16 17 1
16 17 2
16 17 3
16 17 4
16 17 5
16 17 6
16 17 7
16 17 8
16 17 9
16 17 10
16 17 11
16 17 12
16 17 13
16 17 14
16 17 15
17 18 0
17 18 1
17 18 2
17 18 3
17 18 4
17 18 5
17 18 6
17 18 7
17 18 8
17 18 9
17 18 10
17 18 11
17 18 12
17 18 13
17 18 14
17 18 15
18 19 0
18 19 1
18 19 2
18 19 3
18 19 4
18 19 5
18 19 6
18 19 7
18 19 8
18 19 9
18 19 10
18 19 11
18 19 12
18 19 13
18 19 14
18 19 15
19 20 0
19 20 1
19 20 2
19 20 3
19 20 4
19 20 5
19 20 6
19 20 7
19 20 8
19 20 9
19 20 10
19 20 11
19 20 12
19 20 13
19 20 14
19 20 15
20 21 0
20 21 1
20 21 2
20 21 3
20 21 4
20 21 5
20 21 6
20 21 7
20 21 8
20 21 9
20 21 10
20 21 11
20 21 12
20 21 13
20 21 14
20 21 15
21 22 0
21 22 1
21 22 2
21 22 3
21 22 4
21 22 5
21 22 6
21 22 7
21 22 8
21 22 9
21 22 10
21 22 11
21 22 12
21 22 13
21 22 14
21 22 15
22 23 0
22 23 1
22 23 2
22 23 3
22 23 4
22 23 5
22 23 6
22 23 7
22 23 8
22 23 9
22 23 10
22 23 11
22 23 12
22 23 13
22 23 14
22 23 15
23 24 0
23 24 1
23 24 2
23 24 3
23 24 4
23 24 5
23 24 6
23 24 7
23 24 8
23 24 9
23 24 10
23 24 11
23 24 12
23 24 13
23 24 14
23 24 15
24 25 0
24 25 1
24 25 2
24 25 3
24 25 4
24 25 5
24 25 6
24 25 7
24 25 8
24 25 9
24 25 10
24 25 11
24 25 12
24 25 13
24 25 14
24 25 15
25 26 0
25 26 1
25 26 2
25 26 3
25 26 4
25 26 5
25 26 6
25 26 7
25 26 8
25 26 9
25 26 10
25 26 11
25 26 12
25 26 13
25 26 14
25 26 15
26 27 0
26 27 1
26 27 2
26 27 3
26 27 4
26 27 5
26 27 6
26 27 7
26 27 8
26 27 9
26 27 10
26 27 11
26 27 12
26 27 13
26 27 14
26 27 15
27 28 0
27 28 1
27 28 2
27 28 3
27 28 4
27 28 5
27 28 6
27 28 7
27 28 8
27 28 9
27 28 10
27 28 11
27 28 12
27 28 13
27 28 14
27 28 15
28 29 0
28 29 1
28 29 2
28 29 3
28 29 4
28 29 5
28 29 6
28 29 7
28 29 8
28 29 9
28 29 10
28 29 11
28 29 12
28 29 13
28 29 14
28 29 15
29 30 0
29 30 1
29 30 2
29 30 3
29 30 4
29 30 5
29 30 6
29 30 7
29 30 8
29 30 9
29 30 10
29 30 11
29 30 12
29 30 13
29 30 14
29 30 15
30 31 0
30 31 1
30 31 2
30 31 3
30 31 4
30 31 5
30 31 6
30 31 7
30 31 8
30 31 9
30 31 10
30 31 11
30 31 12
30 31 13
30 31 14
30 31 15
31 32 0
31 32 1
31 32 2
31 32 3
31 32 4
31 32 5
31 32 6
31 32 7
31 32 8
31 32 9
31 32 10
31 32 11
31 32 12
31 32 13
31 32 14
31 32 15
32 33 0
32 33 1
32 33 2
32 33 3
32 33 4
32 33 5
32 33 6
32 33 7
32 33 8
32 33 9
32 33 10
32 33 11
32 33 12
32 33 13
32 33 14
32 33 15
33 34 0
33 34 1
33 34 2
33 34 3
33 34 4
33 34 5
33 34 6
33 34 7
33 34 8
33 34 9
33 34 10
33 34 11
33 34 12
33 34 13
33 34 14
33 34 15
34 35 0
34 35 1
34 35 2
34 35 3
34 35 4
34 35 5
34 35 6
34 35 7
34 35 8
34 35 9
34 35 10
34 35 11
34 35 12
34 35 13
34 35 14
34 35 15
35 36 0
35 36 1
35 36 2
35 36 3
35 36 4
35 36 5
35 36 6
35 36 7
35 36 8
35 36 9
35 36 10
35 36 11
35 36 12
35 36 13
35 36 14
35 36 15
36 37 0
36 37 1
36 37 2
36 37 3
36 37 4
36 37 5
36 37 6
36 37 7
36 37 8
36 37 9
36 37 10
36 37 11
36 37 12
36 37 13
36 37 14
36 37 15
37 38 0
37 38 1
37 38 2
37 38 3
37 38 4
37 38 5
37 38 6
37 38 7
37 38 8
37 38 9
37 38 10
37 38 11
37 38 12
37 38 13
37 38 14
37 38 15
38 39 0
38 39 1
38 39 2
38 39 3
38 39 4
38 39 5
38 39 6
38 39 7
38 39 8
38 39 9
38 39 10
38 39 11
38 39 12
38 39 13
38 39 14
38 39 15
39 40 0
39 40 1
39 40 2
39 40 3
39 40 4
39 40 5
39 40 6
39 40 7
39 40 8
39 40 9
39 40 10
39 40 11
39 40 12
39 40 13
39 40 14
39 40 15
40 41 0
40 41 1
40 41 2
40 41 3
40 41 4
40 41 5
40 41 6
40 41 7
40 41 8
40 41 9
40 41 10
40 41 11
40 41 12
40 41 13
40 41 14
40 41 15
41 42 0
41 42 1
41 42 2
41 42 3
41 42 4
41 42 5
41 42 6
41 42 7
41 42 8
41 42 9
41 42 10
41 42 11
41 42 12
41 42 13
41 42 14
41 42 15
42 43 0
42 43 1
42 43 2
42 43 3
42 43 4
42 43 5
42 43 6
42 43 7
42 43 8
42 43 9
42 43 10
42 43 11
42 43 12
42 43 13
42 43 14
42 43 15
43 44 0
43 44 1
43 44 2
43 44 3
43 44 4
43 44 5
43 44 6
43 44 7
43 44 8
43 44 9
43 44 10
43 44 11
43 44 12
43 44 13
43 44 14
43 44 15
44 45 0
44 45 1
44 45 2
44 45 3
44 45 4
44 45 5
44 45 6
44 45 7
44 45 8
44 45 9
44 45 10
44 45 11
44 45 12
44 45 13
44 45 14
44 45 15
45 46 0
45 46 1
45 46 2
45 46 3
45 46 4
45 46 5
45 46 6
45 46 7
45 46 8
45 46 9
45 46 10
45 46 11
45 46 12
45 46 13
45 46 14
45 46 15
46 47 0
46 47 1
46 47 2
46 47 3
46 47 4
46 47 5
46 47 6
46 47 7
46 47 8
46 47 9
46 47 10
46 47 11
46 47 12
46 47 13
46 47 14
46 47 15
47 48 0
47 48 1
47 48 2
47 48 3
47 48 4
47 48 5
47 48 6
47 48 7
47 48 8
47 48 9
47 48 10
47 48 11
47 48 12
47 48 13
47 48 14
47 48 15
48 49 0
48 49 1
48 49 2
48 49 3
48 49 4
48 49 5
48 49 6
48 49 7
48 49 8
48 49 9
48 49 10
48 49 11
48 49 12
48 49 13
48 49 14
48 49 15
49 0 0
49 0 1
49 0 2
49 0 3
49 0 4
49 0 5
49 0 6
49 0 7
49 0 8
49 0 9
49 0 10
49 0 11
49 0 12
49 0 13
49 0 14
49 0 15
50 1 0
50 1 1
50 1 2
50 1 3
50 1 4
50 1 5
50 1 6
50 1 7
50 1 8
50 1 9
50 1 10
50 1 11
50 1 12
50 1 13
50 1 14
50 1 15
