1000 3000
418 272 2
109 157 3
77 319 1
752 859 3
17 839 1
327 228 3
9 548 3
953 94 3
299 852 2
42 527 1
301 743 2
23 591 1
939 45 2
76 588 3
780 416 3
866 727 3
382 746 1
81 796 1
887 749 3
907 546 3
229 739 3
775 780 1
700 127 1
905 937 1
858 571 2
377 499 1
335 261 2
528 989 3
330 873 3
324 799 1
512 955 3
263 121 3
179 35 3
837 127 3
511 280 1
105 655 2
361 128 1
456 133 2
391 393 2
366 87 1
962 596 1
499 706 1
763 83 2
572 166 2
983 800 1
902 833 3
319 731 1
547 131 2
205 797 3
544 527 3
425 254 2
284 276 2
898 740 2
913 161 2
726 916 1
850 922 2
479 31 1
943 308 2
682 600 2
100 295 1
12 628 2
585 684 2
499 509 2
29 324 2
702 358 1
500 68 2
526 866 1
923 899 3
16 653 2
127 812 1
558 160 1
201 178 3
698 556 1
254 368 3
514 823 1
852 552 2
594 863 1
394 337 2
346 798 1
821 555 1
362 826 1
197 108 3
574 447 1
371 613 3
708 868 3
199 539 3
628 478 3
679 467 2
467 560 2
507 963 3
879 550 3
569 902 3
224 890 2
283 121 1
694 750 2
473 57 2
307 293 3
385 86 3
790 234 2
647 26 3
295 454 2
70 972 3
876 451 1
761 820 2
81 752 3
745 718 1
270 558 3
147 609 1
548 863 2
198 268 2
52 935 1
799 261 1
858 57 2
715 258 1
319 688 3
417 718 3
316 125 3
950 744 3
384 733 3
239 263 3
298 509 1
797 549 1
927 830 3
650 993 3
474 210 2
458 203 1
396 418 1
356 577 1
118 788 3
381 486 1
388 211 3
85 941 1
767 134 2
69 423 2
873 419 2
4 46 3
27 102 1
763 477 1
290 300 3
628 449 1
197 619 2
399 228 1
435 653 3
357 551 1
279 428 3
736 905 1
19 213 1
882 254 1
580 644 3
638 220 1
646 221 1
17 81 3
735 553 1
968 566 3
973 970 3
597 525 2
309 851 1
30 348 1
620 176 1
350 127 1
114 66 2
333 956 1
1 305 1
824 311 2
47 908 1
675 69 2
379 79 1
546 772 2
99 133 2
997 846 1
617 690 1
915 94 1
177 869 1
516 397 2
473 585 2
112 6 3
110 952 2
589 423 2
950 800 3
582 414 2
720 185 3
201 205 3
686 458 3
94 719 1
63 757 3
302 150 1
853 783 3
770 622 2
658 455 2
967 783 2
441 331 1
67 290 2
558 157 1
966 695 2
421 234 3
538 108 1
780 448 3
402 228 3
972 481 3
717 778 3
57 550 2
277 442 3
102 382 1
419 366 2
139 262 2
33 336 3
295 247 2
235 81 3
472 30 2
127 470 2
707 291 3
245 845 1
459 560 2
827 396 3
992 165 2
889 659 1
187 952 2
528 922 2
9 656 1
982 974 2
385 75 3
458 305 1
421 444 3
163 253 1
697 530 2
687 336 2
729 437 3
595 3 2
200 879 3
499 630 2
185 681 1
926 743 3
822 754 2
701 430 1
919 116 1
641 745 3
204 793 2
901 342 3
42 795 3
994 101 1
50 478 1
899 367 3
291 333 1
211 317 1
557 566 3
76 519 3
274 779 3
411 507 1
463 743 1
906 302 1
150 584 1
862 960 3
11 64 3
879 594 2
999 540 2
997 263 2
23 444 1
209 778 3
520 461 3
822 995 3
406 62 2
443 220 3
757 92 3
166 195 3
335 207 2
408 18 2
90 142 1
393 646 1
620 701 3
111 242 1
147 516 3
283 782 3
228 184 1
978 321 2
908 612 1
44 802 1
318 865 1
463 796 2
439 995 3
969 11 2
708 400 3
753 23 2
658 946 3
368 911 1
976 111 3
111 638 2
842 929 3
820 847 2
215 150 2
18 128 1
876 871 1
71 791 1
385 950 2
960 243 1
465 892 1
122 763 3
702 406 3
37 182 2
608 18 3
705 563 2
412 702 3
611 49 2
740 378 2
32 658 3
537 568 2
221 391 1
16 342 2
475 816 3
637 536 1
542 788 3
84 21 3
348 123 2
736 807 3
204 128 3
505 489 1
691 780 1
165 820 3
884 123 3
164 613 3
21 385 1
962 681 1
729 422 1
660 78 2
92 134 3
777 628 2
935 579 2
786 747 2
393 166 1
409 669 2
32 206 1
983 476 2
955 851 3
72 669 3
779 387 1
558 909 3
404 891 2
982 220 1
748 83 3
417 311 3
639 866 1
573 508 3
364 862 2
853 106 1
852 247 3
385 411 3
377 764 1
445 638 3
768 519 2
27 592 3
254 964 3
431 194 1
465 125 2
370 668 2
352 39 1
279 839 2
790 122 1
124 859 2
248 158 3
222 746 1
416 126 3
286 289 1
253 367 3
96 744 3
948 558 3
563 421 1
723 53 2
553 42 2
132 614 3
241 125 3
954 336 3
847 55 1
26 285 3
260 49 3
252 138 3
341 265 1
781 595 2
885 314 3
47 58 1
81 662 3
890 688 1
196 843 3
419 827 2
959 385 2
372 815 3
742 122 3
328 157 1
893 204 3
882 907 3
239 876 1
650 732 2
757 620 3
499 848 1
46 854 3
790 868 3
733 87 1
629 446 3
927 145 2
633 121 3
456 943 2
142 20 3
742 308 2
447 386 1
800 766 3
904 420 3
390 782 2
721 18 3
118 145 3
233 428 2
288 78 2
287 27 1
481 143 2
376 325 3
515 233 1
445 355 1
553 699 1
571 495 3
951 473 1
901 941 2
442 976 2
151 270 1
156 97 1
385 448 3
707 50 1
370 743 1
1 131 3
974 435 2
777 897 3
767 23 1
79 158 1
754 929 2
720 128 3
534 555 3
584 784 2
94 533 3
66 856 3
449 601 2
521 839 2
780 696 3
772 950 2
732 832 2
928 935 2
230 523 2
332 54 3
895 907 2
663 17 1
82 741 2
843 711 1
471 278 2
835 547 3
495 369 3
602 507 1
372 392 2
309 914 2
340 639 1
330 170 2
339 154 2
584 175 2
911 731 3
185 799 3
528 936 1
641 89 3
825 396 2
370 32 1
543 466 1
393 578 3
366 332 2
622 143 3
694 26 1
11 832 2
74 261 1
687 546 3
637 358 2
703 324 2
648 356 1
741 55 1
93 32 1
410 14 1
38 413 1
808 851 2
789 205 1
651 668 2
556 160 1
633 404 1
881 869 3
889 238 1
348 722 2
510 940 3
410 52 1
585 931 3
391 435 3
664 236 2
683 284 2
691 500 3
178 725 2
39 559 1
708 970 1
646 127 2
195 821 1
205 621 3
344 717 2
688 872 3
612 395 3
445 327 3
713 889 3
242 880 3
49 97 1
800 706 2
11 451 3
493 354 3
319 131 3
264 643 1
473 216 1
735 739 2
19 645 2
744 407 3
127 683 2
943 1 2
404 892 3
848 462 3
698 560 1
68 707 2
737 104 3
540 551 1
707 119 1
93 223 2
663 742 3
589 130 1
359 96 3
29 599 3
213 332 3
205 144 1
584 369 3
633 788 2
575 907 1
920 875 2
600 577 1
299 97 1
465 974 1
134 695 3
117 453 3
688 567 1
204 612 3
211 422 3
63 130 3
771 966 1
944 582 2
312 190 2
297 540 2
365 926 3
602 806 3
587 728 3
474 906 1
120 186 1
47 45 1
319 419 1
329 125 2
982 481 3
126 210 2
824 301 2
80 328 2
868 3 3
367 677 2
359 549 3
376 518 2
439 763 2
674 306 1
552 416 1
664 851 2
84 598 2
799 660 2
783 221 1
776 553 2
568 715 2
231 280 2
229 622 3
559 343 1
205 478 1
847 778 3
28 984 3
722 342 3
426 20 3
710 145 2
716 545 2
432 94 1
184 324 3
232 709 2
746 359 2
883 993 3
959 762 1
435 268 3
824 783 1
791 593 1
538 447 3
594 759 3
920 967 1
360 287 3
396 538 3
458 33 3
124 21 3
82 76 1
454 471 2
356 763 3
355 285 2
221 343 2
662 451 2
45 681 1
699 409 1
188 687 1
948 118 2
474 286 1
252 152 3
271 834 1
630 96 3
446 12 2
476 968 1
991 458 1
401 883 3
558 162 2
714 428 1
822 133 2
744 935 3
249 539 2
493 744 2
95 237 3
596 636 1
629 349 3
964 356 2
697 831 3
768 592 2
860 195 3
896 520 3
357 249 3
155 624 3
383 851 3
937 718 2
159 708 1
197 725 1
915 950 1
785 799 2
677 748 1
925 818 3
800 387 1
133 300 1
298 659 1
694 309 3
990 673 3
69 906 3
48 420 2
775 735 2
523 631 2
822 161 3
743 211 3
945 303 3
495 50 2
346 716 1
184 294 1
859 260 3
961 450 3
371 946 1
651 203 2
939 354 3
8 844 3
578 555 2
359 914 1
549 575 1
107 881 3
847 47 2
328 678 1
79 80 3
195 550 3
225 609 2
275 873 3
503 670 2
679 531 3
22 402 2
407 564 1
345 718 3
843 946 2
149 158 1
418 691 1
729 738 3
432 200 3
730 581 2
7 653 2
222 478 1
559 328 2
169 406 3
136 375 3
572 133 2
782 566 2
891 279 3
190 686 1
457 568 3
762 29 3
505 46 2
261 756 3
379 858 1
738 853 1
90 144 3
818 55 2
991 298 2
230 333 3
914 701 1
402 427 2
420 422 1
979 332 2
442 573 2
743 997 2
694 299 3
791 946 1
688 699 3
376 708 3
735 906 3
494 522 3
146 186 2
579 973 2
109 667 2
231 144 2
656 225 3
257 446 3
710 86 1
182 39 3
575 692 2
141 656 1
532 704 2
658 920 3
876 137 1
191 674 2
113 936 3
963 251 1
337 900 1
895 308 3
161 900 2
714 851 1
992 732 1
981 768 1
331 75 3
239 234 3
283 576 3
541 387 3
553 309 2
215 768 2
901 957 1
594 752 2
756 217 2
675 4 1
130 273 3
210 784 1
288 39 3
781 987 3
709 812 2
47 29 2
33 742 3
27 844 1
239 346 1
576 224 3
973 883 2
760 778 2
894 347 1
329 850 1
919 36 3
536 967 1
800 649 2
476 404 1
137 86 3
227 562 1
56 580 2
943 975 1
507 825 1
579 150 3
298 872 2
120 823 1
463 460 2
150 833 2
590 951 3
582 801 1
148 533 2
145 676 2
930 310 2
678 435 1
414 398 1
530 785 2
598 522 1
906 465 2
367 493 3
669 521 3
117 491 2
365 326 1
521 95 1
822 551 1
700 924 2
656 945 1
388 456 3
258 744 3
683 789 3
106 339 3
982 683 1
69 647 2
46 132 2
121 552 1
452 305 1
340 91 3
17 419 1
590 538 3
651 740 1
292 484 2
936 371 1
154 165 2
466 282 3
378 646 3
450 315 2
79 92 3
345 514 2
858 736 2
252 98 1
111 129 1
51 593 1
261 497 2
756 297 1
777 242 3
718 829 1
145 268 2
421 151 3
463 85 3
775 317 1
383 655 2
420 93 3
359 560 1
167 376 1
166 518 1
511 211 1
675 389 2
832 813 1
379 296 1
797 543 2
222 788 3
880 111 2
764 988 3
89 377 1
34 89 3
279 659 3
80 992 2
159 330 3
272 143 1
188 641 3
377 312 3
199 250 3
742 264 1
17 137 1
301 912 1
818 350 2
511 759 3
637 462 3
68 90 2
672 803 3
451 189 3
868 466 1
869 479 2
1 870 3
958 692 2
675 650 1
127 410 1
596 622 1
560 18 1
170 958 2
251 248 2
803 751 3
265 648 1
647 853 3
105 175 1
880 882 1
610 423 3
188 15 1
73 79 1
27 134 3
689 252 1
323 485 3
609 1000 2
15 494 2
442 193 1
786 446 3
3 768 3
9 470 3
685 713 1
618 426 3
85 552 3
805 895 2
722 676 1
514 142 3
209 677 1
315 177 2
488 716 3
482 405 2
802 374 1
914 348 1
287 314 2
878 604 1
762 97 1
464 539 2
861 705 2
972 567 2
343 713 1
631 438 3
534 821 2
613 364 2
945 993 3
443 981 3
448 321 3
480 764 1
716 580 3
350 548 3
434 201 3
363 210 2
735 971 2
325 91 1
689 401 3
995 115 3
134 18 2
203 899 2
322 608 1
477 8 3
529 505 3
673 620 3
648 321 2
716 956 2
914 5 2
280 363 1
284 562 2
955 753 3
550 941 3
31 403 3
739 957 1
392 956 2
276 30 3
959 200 1
596 973 3
42 241 1
219 447 3
687 425 1
131 867 3
542 235 2
855 526 3
257 273 2
558 342 3
412 763 2
383 288 3
544 549 1
294 456 3
284 65 3
371 596 3
560 123 3
643 818 1
305 825 3
924 779 1
978 307 1
496 519 1
166 578 1
30 80 1
56 174 3
61 700 3
503 918 3
289 847 3
237 350 1
931 347 1
505 578 2
427 678 2
615 550 3
359 985 1
558 691 2
761 488 2
427 828 2
239 679 1
513 956 2
888 512 2
423 770 2
466 98 2
917 90 2
269 356 2
167 308 1
73 819 3
718 337 1
186 736 3
254 870 1
747 356 2
246 975 3
580 480 1
922 138 3
359 544 1
550 734 2
240 164 1
398 367 2
260 611 2
202 747 3
244 691 1
728 563 1
231 330 1
634 650 3
861 314 3
526 361 3
365 696 3
355 996 3
826 139 1
557 963 3
373 546 2
580 509 2
80 75 3
711 395 3
313 331 3
55 720 3
930 764 3
431 508 2
970 749 2
140 276 3
809 808 2
931 883 3
203 955 2
622 425 1
639 999 3
357 14 2
554 514 1
902 578 2
534 269 1
659 550 1
759 61 3
141 330 2
372 125 2
729 593 1
314 115 1
927 637 2
680 331 2
114 232 2
946 301 1
757 723 3
66 551 2
331 52 3
603 674 1
418 325 3
639 997 2
110 66 1
23 702 3
282 334 2
739 339 3
11 138 2
4 74 1
258 410 3
965 173 2
12 122 3
789 560 2
390 74 2
345 911 1
461 152 3
198 365 1
945 422 2
112 265 3
848 585 1
707 538 1
497 271 3
478 604 2
991 966 3
876 886 2
557 330 2
959 786 3
720 125 3
212 630 1
815 689 3
29 1000 3
87 105 2
751 720 2
721 97 3
357 332 1
368 997 2
830 602 1
105 84 2
781 632 1
222 552 1
302 29 3
232 840 1
794 123 3
757 606 3
193 391 1
988 119 1
288 865 3
271 872 2
836 415 3
314 592 3
169 740 3
238 254 2
262 25 3
387 453 1
633 387 3
809 55 1
785 709 3
367 130 2
871 846 3
773 376 1
298 212 2
419 193 3
669 931 3
981 898 2
442 910 2
725 150 2
426 143 1
868 84 1
141 658 2
50 555 2
186 164 2
567 161 1
718 165 1
896 453 1
73 25 1
196 358 3
454 550 1
770 740 3
512 459 1
91 720 2
658 531 3
843 210 2
948 334 2
848 733 1
166 305 3
83 297 3
438 581 2
65 898 2
223 186 1
272 88 1
91 23 2
231 219 2
863 90 3
608 916 2
458 832 2
567 490 3
164 546 3
879 509 1
178 6 3
806 836 3
441 322 1
548 772 3
709 795 3
587 506 3
436 899 1
939 938 2
509 377 1
225 360 3
96 281 3
8 822 2
476 562 2
494 700 3
825 445 3
430 433 3
488 147 3
922 106 1
954 944 1
997 963 2
965 916 3
80 20 2
253 132 1
84 543 2
146 456 2
872 826 3
892 423 1
445 712 2
980 688 3
20 837 3
168 933 2
392 896 3
206 303 3
920 448 1
346 313 2
320 689 1
937 835 1
463 359 1
440 438 3
118 689 1
990 818 3
751 694 1
877 164 2
611 407 3
309 742 2
484 984 1
505 343 1
561 279 1
696 39 1
491 160 1
803 597 2
260 663 3
870 690 1
256 263 2
458 976 3
314 97 3
752 688 1
471 351 3
116 334 3
813 928 3
777 850 1
416 908 2
314 110 1
799 428 3
396 847 2
336 826 1
887 387 3
758 688 1
226 624 2
482 189 1
298 264 2
543 203 3
778 576 2
59 858 3
22 596 3
976 738 3
327 879 3
165 404 1
844 29 1
724 424 2
405 544 3
213 253 1
89 451 2
513 750 2
918 69 1
941 260 1
961 375 3
407 623 2
595 595 3
458 811 1
437 715 2
243 665 2
620 796 1
222 698 1
336 514 2
714 874 1
853 473 3
212 849 3
76 757 1
154 788 3
950 350 2
356 816 3
927 236 2
257 509 3
301 582 3
485 636 2
402 455 3
995 154 1
474 277 3
388 207 2
698 302 2
232 381 3
982 849 1
479 467 3
617 677 2
729 651 1
349 349 3
799 200 3
54 632 2
260 843 3
859 389 1
380 743 3
569 955 3
937 232 3
800 415 3
538 152 2
961 99 2
206 772 2
583 882 2
801 433 2
812 587 2
788 187 1
335 48 1
325 767 2
936 370 1
735 549 3
29 292 2
367 316 3
500 517 1
557 142 2
901 949 2
821 106 1
876 526 1
379 620 3
135 827 1
367 929 3
566 929 3
763 867 2
628 502 2
623 221 1
393 134 2
275 959 2
451 945 1
7 97 3
329 919 1
31 982 1
287 212 2
205 419 1
930 923 3
416 248 1
956 86 3
360 569 2
143 223 3
81 861 2
891 691 2
937 251 2
192 577 1
962 404 3
645 650 2
471 398 3
233 466 1
120 625 3
296 773 2
735 656 1
892 105 3
695 442 3
281 812 2
892 177 3
600 998 2
398 623 1
725 820 1
254 996 3
812 800 2
475 395 2
423 601 2
569 897 1
139 485 1
338 863 2
287 706 2
937 46 3
263 64 3
419 416 2
2 204 2
587 84 1
745 339 1
222 777 2
286 370 2
915 957 1
611 981 2
471 978 1
77 235 3
363 622 1
189 904 3
848 412 3
359 187 3
526 673 1
433 874 2
374 766 2
63 976 1
801 27 2
406 770 1
813 325 3
991 102 3
57 228 1
812 202 3
125 714 3
905 664 1
828 413 2
135 605 1
76 484 3
705 822 1
346 568 1
6 889 3
901 839 1
462 689 3
490 760 2
200 991 2
64 761 3
505 124 1
814 642 3
3 432 1
2 760 1
592 191 3
426 968 2
5 125 1
237 414 3
16 234 2
406 487 1
191 484 1
253 275 3
63 213 2
270 356 3
807 122 2
471 212 3
43 858 1
184 899 1
26 695 1
675 826 3
219 183 3
871 801 3
616 961 3
305 880 1
232 684 2
429 952 3
41 705 2
575 950 3
929 252 2
232 342 1
277 159 2
657 501 2
56 321 3
585 500 3
913 11 3
912 118 3
266 687 3
677 516 1
604 223 2
462 525 1
687 876 1
333 149 1
943 937 2
362 581 1
133 170 3
54 549 3
238 703 3
88 579 3
705 440 2
25 236 2
206 704 2
540 716 1
592 983 3
761 26 2
386 639 3
581 160 1
452 537 2
635 228 1
505 819 2
635 676 3
455 35 3
3 502 1
558 278 2
530 155 1
788 746 3
803 125 3
781 58 3
144 218 1
470 47 2
370 665 2
505 599 3
865 337 3
923 564 3
28 101 2
11 762 2
494 358 2
10 387 1
209 577 2
613 628 3
32 244 2
545 267 3
637 871 2
210 512 3
11 380 2
488 414 3
973 697 1
485 72 1
496 952 2
41 982 3
613 219 2
812 233 1
849 208 3
534 885 1
935 73 1
798 184 1
297 650 2
278 889 1
203 266 3
908 585 3
218 419 1
719 526 2
207 922 3
789 168 2
482 467 2
663 696 1
996 185 3
658 931 3
390 555 3
223 766 3
747 482 1
52 656 2
440 214 2
547 89 3
314 592 1
360 459 2
587 60 2
492 501 1
244 521 3
67 378 3
861 777 2
50 973 2
422 366 2
696 174 2
206 622 3
563 694 1
159 380 1
333 470 2
862 322 3
175 221 2
983 885 3
506 457 2
901 863 3
505 686 3
433 895 2
322 689 2
987 801 3
423 299 1
304 311 2
24 28 1
551 884 1
429 581 3
326 612 2
90 173 3
820 65 2
617 976 2
329 348 1
189 914 3
698 686 3
298 244 3
676 159 3
287 966 1
626 154 1
310 625 1
673 998 3
675 352 3
596 726 3
266 35 3
626 90 3
379 638 1
628 985 2
358 51 2
328 749 2
364 932 2
35 154 2
355 252 3
725 707 2
790 715 3
754 926 1
418 186 3
574 253 3
445 206 1
645 630 3
71 850 1
230 178 1
425 752 3
359 529 3
960 588 1
955 266 3
291 128 2
342 119 3
243 990 3
881 626 3
222 795 1
623 563 1
258 281 2
789 143 2
784 238 3
403 872 2
254 228 3
357 802 1
950 633 2
595 357 2
73 672 3
96 658 3
999 640 2
742 241 1
260 471 1
323 7 3
323 894 2
511 449 2
506 243 3
472 997 1
922 476 1
216 165 3
846 440 3
829 716 2
424 241 3
756 199 2
671 756 1
257 782 1
463 72 2
702 429 2
482 527 3
412 665 2
470 995 2
604 811 2
729 977 3
478 254 1
925 502 1
345 859 2
905 769 1
662 36 1
749 235 1
352 250 1
69 286 1
131 598 3
602 977 1
821 147 3
534 40 3
589 584 2
14 140 3
596 226 1
480 446 3
140 860 2
407 691 1
194 251 1
78 347 3
151 455 3
712 38 1
317 158 3
931 494 1
415 142 3
723 521 2
640 914 1
735 660 1
212 784 3
817 630 1
948 579 1
900 930 2
377 933 1
14 268 3
64 733 3
586 516 3
668 552 3
154 450 1
66 292 2
429 129 3
586 368 2
607 970 2
565 206 1
213 417 2
635 500 1
475 77 1
784 794 3
434 278 1
871 896 3
233 554 3
475 310 1
336 794 2
798 60 1
949 666 1
948 690 2
900 759 2
627 336 3
409 130 2
158 786 2
503 463 3
102 573 1
193 339 2
232 617 1
933 553 3
517 516 2
149 871 1
308 476 2
962 895 3
446 999 3
245 324 2
52 735 3
972 182 1
417 52 1
428 849 3
608 395 1
337 157 3
605 43 1
768 955 1
561 956 3
309 97 2
262 509 2
736 924 1
5 676 3
882 23 3
691 473 2
324 103 2
621 21 2
546 862 1
315 98 1
820 443 2
32 543 1
797 422 2
961 230 3
163 364 2
227 675 2
79 180 1
7 902 1
590 410 3
435 531 2
893 983 2
451 125 3
189 464 2
24 541 1
601 333 2
397 396 3
957 9 3
226 572 2
951 768 2
626 458 1
556 81 2
288 934 1
867 82 1
463 487 2
377 326 1
61 904 2
472 905 1
976 233 1
654 635 2
751 696 1
824 557 1
342 634 1
292 973 3
275 407 1
463 637 3
208 742 3
65 467 1
947 435 1
305 120 3
181 361 2
764 385 1
818 937 1
176 876 3
652 84 3
259 914 2
229 700 1
237 770 3
600 477 1
967 641 1
183 294 1
701 488 3
498 38 2
589 437 2
177 143 1
844 633 2
50 460 2
709 543 2
113 907 2
767 287 1
594 922 3
510 498 2
362 692 1
373 713 3
151 116 3
300 210 3
687 537 2
532 185 1
408 12 2
234 359 3
188 752 3
985 297 1
734 334 1
576 258 2
363 324 3
689 368 3
894 712 2
123 645 1
848 522 3
922 962 2
70 87 1
532 653 2
329 486 2
793 274 3
754 736 1
156 651 2
98 843 2
165 416 1
456 78 3
240 480 1
573 674 2
665 314 1
569 221 1
985 180 1
231 417 2
775 370 2
153 189 2
492 701 1
537 58 1
822 164 3
714 953 1
483 707 2
688 146 3
448 272 2
552 589 3
904 568 1
735 484 2
822 308 1
749 802 1
27 13 1
480 758 1
28 201 2
504 703 1
95 444 3
704 497 1
808 689 2
58 267 3
667 955 3
943 696 2
541 460 2
497 658 2
568 354 1
660 847 1
990 189 2
626 421 3
532 7 1
246 590 1
275 478 2
92 726 2
382 346 1
26 909 2
11 797 3
307 635 2
211 129 3
340 39 2
904 532 1
960 365 2
9 550 1
69 410 1
798 701 3
618 841 2
343 568 3
628 697 2
785 144 2
135 872 3
412 740 1
135 552 1
146 202 2
165 948 2
474 555 2
777 109 3
227 368 3
860 294 2
892 424 3
906 527 3
145 406 1
611 215 2
673 493 3
16 642 3
990 941 2
572 710 3
844 664 3
200 474 2
658 260 2
579 145 2
975 785 2
518 851 1
52 163 1
218 678 2
798 373 1
759 278 3
599 443 2
894 753 2
473 1 2
678 653 2
225 615 3
526 111 2
427 43 2
98 611 2
239 774 2
618 96 2
616 199 1
793 77 2
119 763 3
700 90 3
634 102 2
282 41 1
864 885 3
766 968 2
720 280 2
258 843 3
722 822 1
307 872 1
543 552 3
183 6 3
105 793 3
110 358 1
104 221 3
989 77 3
965 409 2
762 979 1
755 505 3
51 495 1
843 135 2
505 331 2
630 837 3
596 952 1
987 738 1
837 741 3
600 652 3
17 567 1
860 221 2
781 969 3
202 738 1
77 987 1
667 38 2
953 109 3
8 442 2
94 719 1
562 492 1
55 902 2
571 343 3
111 138 3
119 228 2
988 87 3
28 351 2
728 91 1
531 777 2
542 414 1
910 629 3
602 162 1
446 115 3
466 468 2
3 486 3
372 186 1
736 820 3
921 92 2
360 85 2
333 444 2
240 655 3
947 396 3
751 988 2
347 539 3
45 320 3
242 325 1
553 904 1
92 30 1
726 166 2
478 990 2
116 654 3
811 177 3
773 201 2
375 491 2
648 863 3
298 605 1
192 693 2
395 580 3
596 826 1
329 997 3
645 32 3
602 417 3
70 319 2
141 906 1
342 820 1
194 949 3
796 864 2
849 324 2
384 873 3
277 639 2
796 565 3
496 342 2
752 486 1
77 194 1
423 381 1
736 372 3
564 9 3
207 39 2
892 182 1
765 739 1
260 371 3
509 468 3
229 38 2
582 567 2
515 502 1
825 482 2
511 197 2
92 184 1
582 899 1
235 701 3
22 353 2
95 302 2
825 55 1
989 296 1
53 872 1
506 180 2
541 827 1
829 510 1
701 975 2
969 975 1
405 423 2
58 644 2
8 511 3
725 292 2
217 109 2
939 914 2
261 486 2
480 784 3
280 898 2
908 837 3
610 653 3
531 521 3
952 776 1
818 542 2
111 730 2
695 633 1
468 580 1
761 165 3
680 945 3
216 457 3
581 49 2
177 108 2
172 319 3
409 550 3
90 917 2
367 387 3
369 707 1
602 180 3
712 456 1
546 41 1
893 252 3
745 68 1
979 750 2
727 609 3
367 427 1
448 876 2
14 372 1
35 56 3
631 759 2
717 631 2
544 849 2
864 491 3
883 826 1
995 374 2
245 377 3
150 588 1
906 960 3
701 600 2
503 836 2
209 615 3
468 62 3
795 824 3
45 776 1
459 598 1
960 590 2
667 482 3
458 133 1
643 373 2
754 58 2
872 549 1
581 716 2
609 400 1
282 1 3
692 131 2
470 371 3
339 690 1
967 665 3
213 648 2
595 193 1
220 163 3
299 860 3
876 775 2
750 417 2
736 965 1
145 111 1
381 385 1
688 910 3
320 974 2
23 213 1
808 606 1
28 455 3
593 139 3
212 545 1
726 927 1
810 59 2
119 782 3
526 349 3
143 278 3
288 853 3
704 191 1
730 208 2
696 70 1
95 203 1
757 147 2
210 973 3
715 995 3
598 10 2
352 314 1
371 523 2
535 566 3
960 609 2
191 422 3
489 947 3
477 162 2
291 518 3
512 258 2
519 512 2
366 212 1
384 889 3
977 544 2
493 541 3
414 607 3
810 577 2
712 403 1
108 215 3
459 235 3
378 130 3
447 692 1
778 882 1
661 887 3
423 798 3
152 628 1
76 807 1
614 800 3
813 358 1
434 681 1
657 810 2
141 859 2
27 211 1
485 364 1
89 982 2
590 252 3
247 556 3
347 929 3
840 799 1
748 443 1
901 166 1
15 454 3
122 545 1
567 17 3
824 285 1
723 784 2
994 998 2
353 233 1
513 377 2
170 489 1
43 983 3
843 879 2
365 965 2
596 863 2
81 167 2
841 584 1
983 626 1
505 63 3
541 674 1
896 574 3
893 222 1
155 529 2
315 633 1
157 977 3
443 133 3
426 155 1
457 61 2
186 410 3
410 80 3
985 434 2
351 294 1
658 792 3
832 188 1
887 775 1
345 57 3
20 334 3
336 960 3
49 348 3
671 965 2
938 875 3
13 6 2
668 826 2
888 141 1
710 220 2
677 792 3
780 747 3
87 21 1
280 318 1
165 987 1
999 149 2
156 381 2
125 638 2
143 249 3
176 66 2
606 720 2
140 457 1
859 874 1
92 728 3
788 1 2
662 912 1
974 795 1
134 692 3
684 164 3
571 489 3
163 932 1
522 632 3
471 856 1
427 635 2
753 272 3
537 127 1
19 656 1
423 290 2
930 315 1
894 63 1
686 288 2
441 444 1
348 339 2
902 655 1
286 671 1
803 215 3
349 22 2
875 1 2
12 62 1
459 549 2
60 629 3
689 735 3
856 662 3
590 351 3
724 660 2
723 314 1
224 96 1
662 112 2
902 502 1
748 393 3
20 603 3
608 105 2
272 504 2
823 228 1
680 80 1
255 545 1
980 303 2
214 142 3
44 2 2
697 863 3
977 164 3
406 230 1
258 352 3
996 708 1
47 790 2
991 439 2
501 983 2
491 437 1
697 919 3
59 594 1
25 453 3
28 857 3
863 784 1
659 219 3
744 302 3
320 360 2
769 130 1
964 554 3
407 646 2
293 79 3
177 98 3
371 588 1
990 747 1
944 233 2
962 769 1
886 246 3
716 775 3
316 246 1
709 416 2
393 518 2
596 724 1
200 416 2
986 516 1
164 819 3
46 668 1
700 380 3
939 657 1
775 723 2
724 851 3
19 737 2
478 27 1
913 374 2
431 613 2
55 564 2
930 531 2
424 957 2
610 339 2
963 857 3
706 147 1
351 306 3
202 326 1
533 358 1
890 638 1
974 55 2
129 441 1
602 15 2
351 586 1
419 565 1
664 257 1
644 92 3
599 297 2
983 984 2
884 999 2
194 445 2
768 282 3
301 520 3
167 142 1
942 623 1
388 509 1
480 856 2
462 276 1
432 789 1
616 743 1
363 528 3
402 738 1
437 861 2
604 528 1
476 189 3
486 94 2
506 747 2
845 533 3
340 216 3
49 87 3
959 966 3
554 223 1
186 534 1
449 661 2
814 914 1
722 241 3
461 905 1
40 802 3
51 568 1
344 855 1
106 920 1
935 718 2
970 7 2
411 868 3
472 335 3
915 602 1
528 312 3
992 530 1
784 478 1
228 584 2
113 419 3
840 61 2
770 434 1
381 91 2
164 493 1
126 688 2
413 292 3
550 275 3
62 268 1
501 664 3
208 422 2
49 470 3
845 718 3
444 139 2
450 535 1
606 773 2
111 193 2
368 837 3
735 153 3
506 86 2
444 756 2
784 15 1
871 995 2
848 300 3
874 605 2
741 437 3
559 431 2
580 134 3
106 396 3
528 249 1
913 608 3
756 288 3
14 545 1
22 902 2
681 798 3
139 254 3
954 130 3
919 46 1
504 52 2
234 419 1
394 521 2
670 379 1
252 593 3
217 385 3
870 267 1
245 120 1
74 383 3
279 130 3
384 998 1
817 320 2
501 28 1
88 806 3
295 714 2
130 423 3
958 793 1
553 674 2
630 346 2
351 257 2
172 218 3
851 621 2
355 846 2
296 884 1
501 557 1
591 740 3
614 204 2
288 712 1
704 581 2
262 454 1
316 149 2
774 385 1
839 894 1
479 819 2
321 640 3
982 110 1
604 18 2
302 970 3
9 59 1
954 101 1
196 825 2
759 792 2
32 459 1
558 184 3
8 833 2
190 792 2
800 585 3
202 429 1
176 41 2
821 600 3
820 614 3
235 527 3
89 322 2
956 182 3
309 747 1
202 993 3
784 631 1
119 161 2
797 861 2
247 399 2
691 776 2
301 15 2
654 49 3
682 329 3
671 815 1
283 1 3
739 863 1
335 432 2
655 805 3
408 331 2
941 376 3
459 198 1
132 110 3
526 523 3
668 914 2
267 100 2
386 670 2
240 476 3
2 98 2
312 527 2
321 96 2
279 896 3
592 195 3
217 2 3
830 580 1
9 64 1
526 867 2
36 945 1
755 639 3
160 431 3
203 932 3
254 543 1
74 864 3
609 71 1
660 273 3
351 551 2
7 189 2
879 341 3
522 387 3
384 996 1
733 965 1
304 908 2
483 25 2
910 792 2
822 667 3
345 917 3
133 456 1
348 988 3
339 317 3
194 22 1
247 217 3
723 79 3
701 943 1
871 634 1
879 506 3
957 879 3
908 347 1
970 483 3
207 47 1
250 796 1
596 925 2
402 348 2
305 436 3
956 977 1
636 824 1
298 735 3
449 687 1
211 545 2
144 298 2
746 73 1
30 360 3
877 121 1
154 702 3
447 441 2
357 554 2
286 358 2
39 974 2
668 77 3
222 990 3
683 38 2
247 331 3
575 77 3
400 510 1
33 285 1
891 139 3
396 733 3
754 156 1
797 941 1
841 649 3
203 595 1
987 35 2
767 742 2
837 672 1
44 89 2
502 137 3
809 18 2
811 1 3
290 582 3
502 733 2
263 955 3
179 197 3
491 66 3
273 731 2
502 534 1
144 960 1
971 731 1
599 55 1
510 957 2
798 441 1
120 887 2
819 355 2
43 983 1
403 779 1
315 572 3
409 988 1
939 105 2
571 202 2
100 92 2
534 502 3
326 943 2
671 842 3
191 524 3
679 730 2
233 887 3
155 983 2
562 209 3
226 279 3
987 565 2
21 214 3
534 933 2
522 871 3
892 487 2
27 50 1
966 665 2
753 692 3
825 764 1
533 510 1
725 414 1
344 585 2
765 831 1
551 875 3
10 788 3
608 628 2
255 347 3
591 929 3
46 653 2
571 944 3
255 77 2
419 437 2
687 378 3
504 916 3
440 282 2
703 206 3
555 466 3
559 904 3
976 686 3
512 196 2
110 759 3
396 249 2
594 179 1
351 684 1
34 496 2
53 872 1
151 260 1
480 896 1
600 196 3
578 220 3
436 946 2
812 475 2
175 942 1
129 752 3
606 527 2
855 12 2
464 862 1
511 325 3
681 783 2
545 62 1
870 172 2
329 620 3
538 261 3
10 938 2
464 663 2
489 914 2
973 242 2
351 375 2
442 393 1
220 312 1
714 960 3
133 691 1
996 539 1
805 959 1
836 588 3
363 406 3
425 51 2
31 778 3
739 525 2
165 694 3
538 996 2
660 186 1
414 657 3
237 159 1
4 383 1
323 70 2
377 83 3
987 454 2
740 556 1
599 22 3
458 604 2
443 212 1
737 645 1
171 792 3
544 274 1
685 27 1
448 865 3
975 596 3
213 942 3
248 420 1
846 616 1
523 200 3
283 779 1
875 596 1
408 82 1
697 637 2
236 646 2
625 356 2
921 984 3
174 108 1
140 227 1
474 880 3
987 614 1
996 323 1
339 432 3
554 826 2
852 233 2
560 687 2
295 258 3
827 927 3
4 711 2
638 244 1
72 118 1
966 921 2
47 123 1
895 389 1
30 477 1
48 988 2
17 713 1
622 492 2
709 700 3
468 276 3
324 908 3
754 590 3
152 996 3
318 545 1
332 610 1
686 67 2
338 652 3
93 574 1
520 793 2
919 821 1
270 92 3
210 392 1
14 607 1
367 505 1
457 253 1
761 949 1
35 422 3
26 225 3
141 798 2
55 758 3
267 216 3
457 272 3
190 405 1
664 738 2
632 180 3
240 205 2
56 887 3
815 977 1
783 227 3
574 852 1
480 885 3
485 272 1
214 637 1
861 129 2
914 795 3
847 99 2
208 595 1
320 867 2
110 312 2
909 71 1
218 530 3
661 746 2
940 300 3
210 408 3
75 852 3
478 715 1
95 278 3
564 469 2
984 717 1
577 182 3
691 17 1
654 625 2
387 511 1
579 231 2
422 137 3
963 734 3
598 193 3
571 26 1
507 405 3
774 449 3
209 728 1
891 518 2
164 315 1
198 8 2
162 680 2
376 91 3
921 896 1
730 156 3
469 858 2
169 347 2
686 317 1
763 190 2
552 501 2
839 429 1
640 830 3
889 579 1
886 661 2
535 119 1
154 341 2
8 538 2
536 152 3
94 864 1
422 539 2
236 312 3
478 111 2
423 915 3
7 174 2
750 175 3
266 364 1
111 980 3
359 974 2
380 838 3
474 678 2
61 13 3
851 923 3
693 698 2
542 456 1
199 439 3
496 293 2
396 436 3
973 551 2
86 440 3
359 312 2
261 860 1
676 867 2
978 518 1
389 583 2
818 921 2
181 821 2
841 787 1
675 659 1
420 320 2
412 105 3
251 592 2
954 729 2
791 391 1
490 49 1
647 370 3
268 582 1
546 547 2
762 555 3
650 338 3
458 461 3
822 815 3
496 648 1
153 511 1
316 856 2
970 432 3
238 563 3
741 683 3
562 372 2
100 1000 1
950 580 1
716 410 3
960 279 1
230 830 2
190 8 3
89 416 2
747 96 3
897 689 2
557 166 2
239 882 2
904 423 1
236 720 1
555 808 3
525 265 2
347 600 1
339 445 1
91 135 1
90 466 1
327 86 2
434 756 3
135 38 1
225 377 3
395 909 3
366 879 3
475 155 1
695 47 1
573 785 3
207 123 3
718 207 1
338 812 2
288 55 1
609 139 2
210 698 3
292 915 3
916 799 3
545 468 3
26 713 3
849 395 3
171 113 1
836 354 2
987 26 3
735 599 1
292 898 1
648 698 3
676 548 2
742 534 2
913 277 3
575 612 1
541 724 1
771 47 1
232 427 2
937 995 2
218 781 3
136 702 2
141 873 3
596 567 3
199 915 1
697 133 2
767 787 1
334 719 2
210 393 3
719 195 3
189 399 3
313 786 2
648 100 1
317 424 2
936 762 3
842 307 2
309 843 3
601 949 3
809 558 1
212 224 2
327 686 1
992 394 1
595 34 1
542 522 1
11 722 2
870 906 3
475 37 1
532 475 1
652 681 2
149 210 3
29 389 1
352 255 3
80 446 1
622 910 2
286 388 1
232 45 3
874 157 1
986 767 2
197 970 1
926 514 3
374 923 2
652 123 2
535 821 1
85 307 3
290 434 3
882 358 3
959 947 3
449 307 3
660 108 3
621 54 1
165 946 3
2 147 2
874 503 1
563 178 2
980 48 2
411 786 1
113 516 2
756 974 1
544 154 1
109 961 1
870 68 1
242 831 1
369 513 1
593 447 1
9 166 2
554 149 3
953 710 1
981 92 1
111 347 1
941 256 2
929 557 1
96 785 2
245 960 3
356 916 2
621 731 1
849 716 1
944 598 1
89 663 3
575 285 2
792 539 1
230 772 2
460 817 3
610 426 1
959 857 1
361 54 1
358 467 1
819 363 1
770 521 1
386 136 3
825 11 2
161 636 2
265 898 2
606 586 3
556 741 1
929 466 3
771 353 3
245 495 1
671 170 3
513 940 3
970 497 2
857 798 1
545 708 2
100 936 2
809 635 2
103 422 3
526 24 1
194 549 1
596 221 1
934 791 3
36 457 2
617 83 3
123 711 3
217 627 3
837 468 3
579 973 3
303 180 3
643 92 3
147 579 3
277 144 3
730 204 3
753 35 2
483 899 3
670 341 2
881 920 1
836 294 2
204 863 3
668 368 3
125 931 3
235 583 2
775 882 1
972 547 3
170 197 2
758 581 1
569 151 2
879 993 1
146 701 3
391 383 3
415 128 2
870 338 3
4 765 3
91 870 2
167 476 1
873 820 3
899 666 1
438 351 2
115 132 1
533 137 1
638 142 1
899 824 2
915 509 1
154 335 3
633 222 1
517 95 3
498 133 1
842 935 3
289 434 2
644 270 3
790 333 2
480 808 1
845 42 3
806 941 1
