100
121 815 79
534 628 201
512 512 1
4 5 5
591 464 427
278 142 325
18 857 642
4 4 4
879 181 460
225 919 127
650 329 44
145 249 629
449 394 210
378 429 50
3 4 2
3 2 3
4 5 2
509 755 701
512 512 256
4 4 1
1 1 1000
717 366 847
297 313 220
390 831 324
513 513 2
57 948 31
432 214 186
7 8 5
59 814 697
501 752 250
122 899 117
297 728 818
1 1 1
2 2 5
956 573 735
705 423 939
2 2 4
848 222 189
812 415 224
429 533 368
748 803 928
701 284 86
513 513 256
564 185 91
420 598 826
128 103 60
255 316 211
1 1 1
122 221 622
3 1 1
740 17 1
761 641 787
512 512 257
174 367 41
906 553 202
503 349 924
4 1 1
3 3 1
4 1 1
2 1 1
861 553 51
512 512 2
307 773 257
201 91 727
112 308 54
5 3 4
512 512 513
150 919 129
513 513 257
903 429 575
27 895 1
2 1 4
513 513 512
56 193 12
967 662 205
800 837 755
911 851 815
513 513 1
932 884 947
5 3 2
103 143 88
69 271 676
712 528 340
1000 1000 1
1 3 1
262 598 374
611 693 380
763 832 416
496 680 395
106 766 67
1 3 1
51 110 389
45 56 35
4 4 4
507 295 880
1 4 4
427 852 805
267 947 389
2 1 3
494 407 455
